0.000000 0.067932 0.043371 0.136850 0.039053 0.061696 0.197798 0.028443 0.163242 0.148734 0.038038 0.241598 0.061615 0.038897 0.242197 0.081549 0.332554 0.123995 0.102840 0.196318 0.094508 0.031533 0.188454 0.159609 0.091918 0.150148 0.238488 0.064078 0.316858 0.128136 0.198240 0.075389 0.320083 0.234924 0.168427 0.071533 0.191673 0.207869 0.223670 0.121172 0.233844 0.116988 0.562751 0.064399 0.057705 0.069409 0.232475 0.063224 0.098149 0.083728 0.125191 0.428624 0.163738 0.182934 0.182192 0.119361 0.074793 0.087652 0.107402 0.186840 0.190606 0.137070 0.155536 0.110035 0.040668 0.067781 0.103030 0.178883 0.164239 0.435935 0.264504 0.034182 0.074404 0.307711 0.068245 0.201473 0.143868 0.237110 0.152577 0.464129 
0.067932 0.000000 0.200632 0.145247 0.045260 0.069858 0.678689 0.136613 0.060228 0.144643 0.149416 0.121240 0.078895 0.260157 0.206818 0.142434 0.164032 0.245887 0.188014 0.172504 0.178560 0.093613 0.099687 0.064104 0.064134 0.257360 0.153181 0.082261 0.583115 0.122109 0.243919 0.060879 0.285437 0.126621 0.446236 0.173949 0.106797 0.129144 0.197125 0.134231 0.392406 0.089807 0.076461 0.093558 0.049412 0.073366 0.140659 0.081612 0.060464 0.612198 0.209004 0.114840 0.068057 0.443682 0.088544 0.088985 0.072530 0.240727 0.102254 0.671082 0.144868 0.278753 0.518464 0.095791 0.071344 0.120655 0.225965 0.053801 0.093331 0.248691 0.119612 0.253272 0.074285 0.177470 0.370801 0.608194 0.105155 0.060876 0.057579 0.112308 
0.043371 0.200632 0.000000 0.139227 0.057409 0.093519 0.353901 0.054048 0.416689 0.241819 0.124379 0.374063 0.122054 0.063228 0.362089 0.031463 0.301750 0.069033 0.127226 0.397874 0.296251 0.056356 0.176027 0.493861 0.097809 0.551745 0.443733 0.259860 0.091887 0.345920 0.249058 0.178468 0.138703 0.342497 0.021240 0.102838 0.184181 0.464985 0.436421 0.119898 0.482374 0.211014 0.258511 0.028015 0.094851 0.136557 0.538253 0.095101 0.214866 0.193759 0.229920 0.429610 0.136364 0.281277 0.423569 0.187351 0.196742 0.183855 0.119104 0.301098 0.314142 0.203547 0.156179 0.253589 0.052614 0.167667 0.203688 0.386624 0.263942 0.596426 0.464745 0.044959 0.158717 0.469272 0.067694 0.258055 0.280993 0.289709 0.247198 0.295680 
0.136850 0.145247 0.139227 0.000000 0.028595 0.137564 0.055518 0.136499 0.070435 0.080140 0.056504 0.372051 0.082921 0.320212 0.070135 0.094040 0.671208 0.130836 0.119406 0.109163 0.208450 0.053330 0.041801 0.340029 0.062116 0.321010 0.084617 0.154303 0.619129 0.163868 0.072626 0.099573 0.118673 0.092515 0.211733 0.170313 0.165869 0.064333 0.229328 0.140044 0.084609 0.100898 0.165052 0.087173 0.053358 0.270685 0.069254 0.089728 0.056783 0.238828 0.091102 0.070984 0.142605 0.093733 0.052225 0.055478 0.135664 0.070219 0.070362 0.356799 0.121610 0.202172 0.469365 0.050191 0.071089 0.059464 0.049411 0.134142 0.343524 0.194171 0.080753 0.050490 0.037261 0.160527 0.131288 0.363071 0.048832 0.042222 0.052610 0.486199 
0.039053 0.045260 0.057409 0.028595 0.000000 0.023937 0.048773 0.065358 0.030294 0.038927 0.048012 0.081415 0.046266 0.054044 0.054218 0.032404 0.051874 0.021222 0.031940 0.050834 0.041551 0.023641 0.036638 0.065575 0.035121 0.091960 0.046200 0.066620 0.175428 0.069630 0.047315 0.029803 0.059699 0.027313 0.068007 0.042214 0.067092 0.046024 0.071800 0.042455 0.058861 0.034572 0.018875 0.023480 0.024241 0.054591 0.033366 0.022073 0.028919 0.211158 0.074962 0.032678 0.046264 0.063444 0.033497 0.038002 0.047750 0.052153 0.046905 0.119106 0.040242 0.058815 0.067394 0.025781 0.025111 0.040684 0.036799 0.025432 0.056638 0.061079 0.026248 0.034345 0.024044 0.051576 0.078881 0.092252 0.024792 0.023854 0.035016 0.069555 
0.061696 0.069858 0.093519 0.137564 0.023937 0.000000 0.098102 0.111529 0.160675 0.043864 0.105596 0.085675 0.155672 0.054382 0.031558 0.061774 0.059273 0.058033 0.032705 0.079986 0.107064 0.029085 0.100801 0.127902 0.042489 0.170228 0.237425 0.127725 0.327275 0.087845 0.096248 0.046646 0.108371 0.084872 0.136624 0.055830 0.080723 0.246674 0.057279 0.056120 0.222230 0.061511 0.165415 0.046675 0.031749 0.041281 0.342624 0.048391 0.055169 0.291317 0.073665 0.446694 0.058530 0.143659 0.181812 0.103676 0.095549 0.116475 0.084377 0.237198 0.062089 0.070808 0.085416 0.046915 0.027419 0.103939 0.092721 0.049285 0.174773 0.163649 0.071552 0.051988 0.048338 0.140143 0.206467 0.180296 0.066234 0.108720 0.090825 0.229718 
0.197798 0.678689 0.353901 0.055518 0.048773 0.098102 0.000000 0.238428 0.190950 0.125378 0.207593 0.336509 0.638996 0.544101 0.075671 0.202427 0.499166 0.119440 0.077977 0.134807 0.089117 0.064992 0.265602 0.696809 0.164860 0.379422 0.146841 0.601003 1.242397 0.327935 0.107445 0.102915 0.333119 0.176183 0.409815 0.252757 0.466241 0.058452 0.162625 0.361267 0.040551 0.184909 0.893791 0.121117 0.076727 0.317981 0.295832 0.089896 0.178218 0.958612 0.153785 0.339939 0.158958 0.041994 0.299372 0.160385 0.260408 0.348230 0.179724 0.998672 0.135039 0.409230 0.307919 0.088678 0.060710 0.151778 0.068451 0.708597 1.031534 0.308492 0.154229 0.050241 0.101418 0.482250 0.489862 0.500750 0.161848 0.335768 0.259795 1.168850 
0.028443 0.136613 0.054048 0.136499 0.065358 0.111529 0.238428 0.000000 0.384887 0.231910 0.055872 0.315275 0.045050 0.078053 0.318938 0.112346 0.296231 0.157507 0.194075 0.160893 0.074069 0.037154 0.227356 0.486880 0.177777 0.094375 0.498526 0.207388 0.630462 0.180560 0.355477 0.047125 0.183036 0.200754 0.250749 0.044155 0.248267 0.257406 0.388968 0.234228 0.307547 0.169364 0.829285 0.087678 0.052767 0.152379 0.473805 0.065719 0.132942 0.050286 0.133709 0.276613 0.179590 0.213681 0.647313 0.103366 0.060246 0.191979 0.103792 0.074042 0.194519 0.131912 0.086425 0.227255 0.035481 0.117405 0.059564 0.558691 0.255562 0.607099 0.524221 0.055877 0.085018 0.286296 0.076462 0.187782 0.175035 0.316327 0.311511 0.763517 
0.163242 0.060228 0.416689 0.070435 0.030294 0.160675 0.190950 0.384887 0.000000 0.141640 0.211138 0.184207 0.351290 0.581117 0.195579 0.111402 0.239506 0.239020 0.221739 0.082789 0.085695 0.098571 0.063963 0.152283 0.072021 0.414676 0.047018 0.364310 0.839156 0.249131 0.037539 0.085164 0.600242 0.042146 0.423846 0.270522 0.292940 0.060726 0.089703 0.379222 0.115343 0.044121 0.075029 0.116175 0.056125 0.405282 0.029412 0.040574 0.058494 1.155099 0.156349 0.047213 0.125343 0.187684 0.026069 0.063342 0.124168 0.061156 0.062100 0.782689 0.270484 0.265854 0.905144 0.044748 0.069864 0.121000 0.223079 0.109024 0.210481 0.229251 0.108218 0.267355 0.035631 0.097867 0.424303 1.003876 0.060057 0.064389 0.081938 0.143087 
0.148734 0.144643 0.241819 0.080140 0.038927 0.043864 0.125378 0.231910 0.141640 0.000000 0.139111 0.113693 0.247058 0.200942 0.083783 0.167772 0.262309 0.327478 0.063808 0.041518 0.282568 0.056108 0.202981 0.268835 0.100752 0.360190 0.184264 0.319213 0.816368 0.254063 0.162447 0.076986 0.676085 0.025883 0.587758 0.104388 0.387246 0.041485 0.156461 0.022933 0.101018 0.096876 0.146998 0.086181 0.025509 0.178372 0.267598 0.106417 0.059710 0.554919 0.322350 0.297187 0.114843 0.049093 0.170067 0.158465 0.117007 0.189753 0.084199 0.458543 0.024896 0.208264 0.110104 0.060090 0.034608 0.233928 0.237452 0.027715 0.406726 0.124568 0.065329 0.116586 0.067669 0.275722 0.262652 0.626074 0.103786 0.104046 0.036755 0.372960 
0.038038 0.149416 0.124379 0.056504 0.048012 0.105596 0.207593 0.055872 0.211138 0.139111 0.000000 0.589201 0.053955 0.058327 0.189801 0.123362 0.369641 0.208223 0.062858 0.205371 0.331869 0.056795 0.106280 0.190997 0.088095 0.114552 0.337641 0.069909 0.567902 0.133061 0.257457 0.134138 0.376997 0.231450 0.371868 0.096592 0.237168 0.152330 0.333373 0.180171 0.155124 0.201884 0.264509 0.102506 0.053013 0.054325 0.214923 0.126267 0.140635 0.114777 0.184494 0.180354 0.183121 0.258261 0.170713 0.135034 0.166700 0.112903 0.090250 0.099727 0.136783 0.144774 0.230235 0.157377 0.056868 0.169515 0.086950 0.276433 0.209786 0.186560 0.201971 0.075022 0.128641 0.188128 0.028263 0.136443 0.147709 0.121764 0.133582 0.301039 
0.241598 0.121240 0.374063 0.372051 0.081415 0.085675 0.336509 0.315275 0.184207 0.113693 0.589201 0.000000 0.212720 0.380645 0.113800 0.149763 0.111565 0.242992 0.158263 0.139080 0.136260 0.105373 0.210565 0.042004 0.243289 0.225821 0.446654 0.205917 0.680778 0.386923 0.511772 0.038265 0.300286 0.100663 0.528145 0.093023 0.244388 0.290151 0.032067 0.093271 0.069678 0.023273 0.132969 0.095329 0.049436 0.268339 0.066816 0.016161 0.132747 0.556032 0.345599 0.509396 0.147878 0.517381 0.396029 0.186140 0.102067 0.139696 0.163683 0.414637 0.061349 0.078531 0.253874 0.162322 0.040490 0.560318 0.493829 0.091107 0.183029 0.056862 0.163283 0.237234 0.102577 0.059630 0.666121 0.837234 0.234758 0.177158 0.170907 0.042691 
0.061615 0.078895 0.122054 0.082921 0.046266 0.155672 0.638996 0.045050 0.351290 0.247058 0.053955 0.212720 0.000000 0.175197 0.402002 0.077754 0.340034 0.163651 0.354885 0.276021 0.275294 0.073290 0.048941 0.083059 0.084215 0.066595 0.894839 0.075191 0.274991 0.055645 0.504407 0.050885 0.219123 0.150080 0.306953 0.054350 0.194407 0.652329 0.348751 0.216471 0.767797 0.089316 0.412046 0.092351 0.043856 0.176159 0.404957 0.073862 0.109446 0.137343 0.230931 0.416732 0.118038 0.228494 0.231182 0.065011 0.040094 0.199126 0.047842 0.245066 0.222838 0.095310 0.351928 0.483165 0.041245 0.080724 0.054741 0.534603 0.070762 0.496396 0.815543 0.162204 0.110228 0.253033 0.045758 0.258130 0.287842 0.185898 0.149830 0.276635 
0.038897 0.260157 0.063228 0.320212 0.054044 0.054382 0.544101 0.078053 0.581117 0.200942 0.058327 0.380645 0.175197 0.000000 0.268545 0.149959 0.454072 0.077623 0.063404 0.321300 0.343526 0.053932 0.744453 0.186925 0.164394 0.253021 0.582690 0.147882 0.464122 0.685015 0.599591 0.149810 0.284658 0.567833 0.244904 0.088493 0.238500 0.798390 0.353942 0.143287 0.463637 0.231403 0.232826 0.054790 0.087275 0.076860 0.717534 0.115261 0.337666 0.204915 0.222613 0.913650 0.194068 0.457303 0.719451 0.397511 0.155769 0.171803 0.221759 0.126586 0.224448 0.208165 0.178596 0.463636 0.035356 0.241787 0.280471 0.485247 0.376127 0.462455 0.674098 0.071865 0.161882 0.300134 0.169270 0.131949 0.122917 0.459785 0.337249 0.763712 
0.242197 0.206818 0.362089 0.070135 0.054218 0.031558 0.075671 0.318938 0.195579 0.083783 0.189801 0.113800 0.402002 0.268545 0.000000 0.146770 0.119467 0.329604 0.027224 0.097174 0.201092 0.098884 0.127489 0.153710 0.120587 0.356114 0.316970 0.267632 0.606274 0.269425 0.134502 0.040172 0.407490 0.202851 0.366437 0.123095 0.179085 0.231240 0.087767 0.093800 0.123735 0.085786 0.889881 0.088429 0.053919 0.102455 0.334503 0.083544 0.129561 0.328871 0.068298 0.459294 0.150716 0.148557 0.259352 0.274789 0.221427 0.086557 0.146416 0.460699 0.123379 0.105569 0.105387 0.077640 0.035145 0.120753 0.205654 0.127510 0.517674 0.360926 0.061910 0.120716 0.052705 0.185654 0.549086 0.872571 0.180080 0.178812 0.120522 0.668170 
0.081549 0.142434 0.031463 0.094040 0.032404 0.061774 0.202427 0.112346 0.111402 0.167772 0.123362 0.149763 0.077754 0.149959 0.146770 0.000000 0.091807 0.044532 0.116154 0.146410 0.162786 0.072517 0.075583 0.243810 0.048873 0.257019 0.227143 0.147437 0.108638 0.116700 0.140283 0.099617 0.044650 0.106360 0.024542 0.069639 0.143733 0.156299 0.121631 0.164701 0.238105 0.086942 0.095206 0.031212 0.086171 0.126971 0.146362 0.056263 0.097079 0.316480 0.198279 0.144039 0.060435 0.235953 0.136018 0.105472 0.109636 0.125998 0.062883 0.398771 0.176643 0.116452 0.217114 0.080054 0.073779 0.108389 0.087719 0.127754 0.103206 0.350142 0.171008 0.088146 0.084615 0.158514 0.119386 0.082124 0.147743 0.076897 0.114297 0.158380 
0.332554 0.164032 0.301750 0.671208 0.051874 0.059273 0.499166 0.296231 0.239506 0.262309 0.369641 0.111565 0.340034 0.454072 0.119467 0.091807 0.000000 0.271406 0.082648 0.183415 0.476905 0.070476 0.266643 0.110661 0.125547 0.119513 1.065370 0.412565 0.432266 0.082387 0.759151 0.048620 0.275417 0.383822 0.287752 0.138674 0.295934 0.777365 0.041464 0.413686 0.602964 0.057524 0.444490 0.097372 0.038143 0.075286 0.346592 0.054138 0.324851 0.846796 0.208949 0.846036 0.168119 1.031979 0.864824 0.637387 0.070438 0.384500 0.178395 0.795360 0.309321 0.072353 0.260493 0.266024 0.057464 0.513661 0.287994 0.206958 0.047517 0.232310 0.368311 0.158838 0.217799 0.123433 0.693700 0.754612 0.335389 0.338640 0.296721 0.193213 
0.123995 0.245887 0.069033 0.130836 0.021222 0.058033 0.119440 0.157507 0.239020 0.327478 0.208223 0.242992 0.163651 0.077623 0.329604 0.044532 0.271406 0.000000 0.059273 0.334660 0.118294 0.043447 0.170907 0.216266 0.053558 0.277132 0.136064 0.230040 0.138078 0.162358 0.151103 0.170232 0.025550 0.222615 0.043720 0.045152 0.150260 0.138275 0.467083 0.212119 0.196207 0.236844 0.181447 0.036516 0.113527 0.103161 0.468652 0.051273 0.135980 0.530952 0.144933 0.264648 0.052584 0.129404 0.201864 0.044684 0.194957 0.221673 0.126211 0.228816 0.133940 0.318082 0.102101 0.143050 0.056721 0.059290 0.065919 0.213437 0.163452 0.510700 0.489188 0.068354 0.084397 0.244999 0.131808 0.054892 0.103171 0.183782 0.172011 0.264898 
0.102840 0.188014 0.127226 0.119406 0.031940 0.032705 0.077977 0.194075 0.221739 0.063808 0.062858 0.158263 0.354885 0.063404 0.027224 0.116154 0.082648 0.059273 0.000000 0.103649 0.140479 0.043299 0.221917 0.204253 0.070854 0.279973 0.123439 0.084227 0.236060 0.223459 0.095376 0.049903 0.155938 0.168969 0.188407 0.057756 0.150671 0.078594 0.087888 0.142870 0.151808 0.125575 0.473253 0.058806 0.037022 0.069465 0.332868 0.086492 0.116750 0.196086 0.044239 0.457051 0.057775 0.121702 0.209301 0.316035 0.131499 0.079301 0.098812 0.142369 0.105453 0.046330 0.037336 0.071031 0.022856 0.080334 0.139734 0.227986 0.431192 0.368161 0.087225 0.032946 0.059954 0.168435 0.140811 0.199401 0.141851 0.237596 0.149321 0.528957 
0.196318 0.172504 0.397874 0.109163 0.050834 0.079986 0.134807 0.160893 0.082789 0.041518 0.205371 0.139080 0.276021 0.321300 0.097174 0.146410 0.183415 0.334660 0.103649 0.000000 0.229590 0.078586 0.073833 0.236769 0.105486 0.180949 0.108375 0.174045 1.040897 0.127857 0.118896 0.052745 0.648630 0.049798 0.475430 0.158211 0.174354 0.020072 0.110668 0.162614 0.121085 0.121804 0.172249 0.097582 0.052084 0.153646 0.187735 0.084825 0.077259 0.257272 0.104028 0.156974 0.092630 0.116012 0.147296 0.162740 0.091965 0.080147 0.125718 0.231191 0.078645 0.068538 0.196582 0.099315 0.057359 0.115582 0.109296 0.139577 0.165655 0.227228 0.128981 0.131610 0.049715 0.099025 0.346843 0.983014 0.172272 0.153395 0.074607 0.220960 
0.094508 0.178560 0.296251 0.208450 0.041551 0.107064 0.089117 0.074069 0.085695 0.282568 0.331869 0.136260 0.275294 0.343526 0.201092 0.162786 0.476905 0.118294 0.140479 0.229590 0.000000 0.037636 0.406791 0.562644 0.184573 0.561420 0.085642 0.673954 1.001406 0.407932 0.062194 0.060903 0.494696 0.142746 0.370982 0.140556 0.269195 0.101588 0.164384 0.259612 0.075717 0.051214 0.324528 0.097730 0.058944 0.401564 0.200883 0.026958 0.126728 0.713554 0.149587 0.045736 0.270298 0.129935 0.253134 0.181955 0.079259 0.214968 0.118636 1.010471 0.171282 0.314725 0.543997 0.067959 0.057824 0.128339 0.160625 0.362798 0.580058 0.375798 0.358631 0.050943 0.055631 0.381832 0.490011 0.636018 0.116258 0.119181 0.198055 0.610289 
0.031533 0.093613 0.056356 0.053330 0.023641 0.029085 0.064992 0.037154 0.098571 0.056108 0.056795 0.105373 0.073290 0.053932 0.098884 0.072517 0.070476 0.043447 0.043299 0.078586 0.037636 0.000000 0.106915 0.155862 0.064397 0.131135 0.072720 0.118269 0.273081 0.101029 0.086668 0.044405 0.153947 0.060174 0.090095 0.066998 0.097791 0.048270 0.077581 0.102335 0.109882 0.080965 0.157205 0.037816 0.027451 0.065031 0.111553 0.037759 0.083468 0.084552 0.037016 0.130709 0.079015 0.068076 0.114175 0.084498 0.041132 0.134393 0.088649 0.103672 0.085806 0.100296 0.093140 0.077025 0.028335 0.030603 0.043301 0.126062 0.167382 0.146459 0.167123 0.018885 0.049754 0.140360 0.100123 0.136414 0.072229 0.084453 0.119414 0.186021 
0.188454 0.099687 0.176027 0.041801 0.036638 0.100801 0.265602 0.227356 0.063963 0.202981 0.106280 0.210565 0.048941 0.744453 0.127489 0.075583 0.266643 0.170907 0.221917 0.073833 0.406791 0.106915 0.000000 0.117082 0.055885 0.221491 0.300178 0.159739 0.354064 0.218521 0.156658 0.047577 0.303398 0.059292 0.228538 0.125955 0.050419 0.147786 0.194110 0.191366 0.167968 0.062101 0.229572 0.086509 0.049133 0.128694 0.055990 0.059276 0.047846 0.386862 0.107091 0.141635 0.079952 0.343609 0.043634 0.045382 0.071910 0.088231 0.107499 0.642372 0.217099 0.143764 0.992305 0.102373 0.105393 0.052250 0.071371 0.562629 0.128980 0.314305 0.202422 0.252503 0.024983 0.048314 0.338734 1.094608 0.106794 0.034540 0.107321 0.236967 
0.159609 0.064104 0.493861 0.340029 0.065575 0.127902 0.696809 0.486880 0.152283 0.268835 0.190997 0.042004 0.083059 0.186925 0.153710 0.243810 0.110661 0.216266 0.204253 0.236769 0.562644 0.155862 0.117082 0.000000 0.268448 0.125578 0.506245 0.046842 0.693206 0.076422 0.880752 0.046733 0.397299 0.266524 0.962422 0.196130 0.106150 1.117151 0.044184 0.186933 0.376967 0.030978 0.261011 0.139522 0.057219 0.059914 0.210036 0.023903 0.131100 0.666456 0.180824 0.466532 0.099166 1.043523 0.426564 0.208791 0.067527 0.173247 0.286717 0.396976 0.209986 0.053941 0.584729 0.376930 0.062559 0.378979 0.559950 0.155283 0.164163 0.206507 0.393773 0.592689 0.110776 0.054420 0.462474 1.428373 0.277331 0.301553 0.294482 0.114252 
0.091918 0.064134 0.097809 0.062116 0.035121 0.042489 0.164860 0.177777 0.072021 0.100752 0.088095 0.243289 0.084215 0.164394 0.120587 0.048873 0.125547 0.053558 0.070854 0.105486 0.184573 0.064397 0.055885 0.268448 0.000000 0.206760 0.094708 0.111428 0.193651 0.094786 0.069792 0.113031 0.156751 0.095828 0.090887 0.105423 0.080194 0.096632 0.335297 0.102166 0.206612 0.171887 0.091058 0.056260 0.066764 0.056652 0.179584 0.113975 0.081093 0.272599 0.194892 0.086929 0.025624 0.175589 0.073754 0.079811 0.122999 0.113014 0.066663 0.249260 0.133735 0.230403 0.154973 0.037124 0.075196 0.067269 0.089287 0.065197 0.160037 0.268613 0.086407 0.124081 0.047507 0.134782 0.170191 0.310136 0.070811 0.068937 0.053379 0.157354 
0.150148 0.257360 0.551745 0.321010 0.091960 0.170228 0.379422 0.094375 0.414676 0.360190 0.114552 0.225821 0.066595 0.253021 0.356114 0.257019 0.119513 0.277132 0.279973 0.180949 0.561420 0.131135 0.221491 0.125578 0.206760 0.000000 1.472556 0.048015 1.389945 0.122384 1.092412 0.057221 0.364112 0.355435 0.650399 0.089833 0.351489 0.665785 0.175490 0.578384 0.520826 0.211630 0.265037 0.214119 0.076787 0.173478 0.288201 0.069534 0.174839 0.168206 0.220647 0.541225 0.146636 1.084740 0.469776 0.283100 0.076864 0.200752 0.195738 0.120632 0.324865 0.074127 0.222214 0.444480 0.062369 0.498002 0.179171 0.339708 0.099810 0.310059 0.286866 0.249905 0.260656 0.061181 0.063118 0.780107 0.254762 0.372660 0.364159 0.317159 
0.238488 0.153181 0.443733 0.084617 0.046200 0.237425 0.146841 0.498526 0.047018 0.184264 0.337641 0.446654 0.894839 0.582690 0.316970 0.227143 1.065370 0.136064 0.123439 0.108375 0.085642 0.072720 0.300178 0.506245 0.094708 1.472556 0.000000 0.449023 1.518369 1.566207 0.055074 0.230018 0.310424 0.096904 0.618066 0.393438 0.402001 0.056153 0.253925 0.330397 0.106647 0.184810 0.700314 0.191603 0.086062 0.558174 0.193057 0.082077 0.181391 1.413431 0.311600 0.204195 0.064655 0.125389 0.111821 0.206602 0.172425 0.149208 0.091772 1.622949 0.217038 0.446256 0.786837 0.079959 0.096712 0.256768 0.371801 0.418176 1.452582 0.612874 0.155988 0.115206 0.048311 0.439798 1.023435 1.583642 0.034216 0.238442 0.153429 1.140060 
0.064078 0.082261 0.259860 0.154303 0.066620 0.127725 0.601003 0.207388 0.364310 0.319213 0.069909 0.205917 0.075191 0.147882 0.267632 0.147437 0.412565 0.230040 0.084227 0.174045 0.673954 0.118269 0.159739 0.046842 0.111428 0.048015 0.449023 0.000000 0.607817 0.143696 0.984299 0.072056 0.750268 0.344344 0.555819 0.106861 0.130435 0.640627 0.139795 0.421170 0.820625 0.145306 0.465029 0.111512 0.046636 0.055229 0.319297 0.093109 0.237337 0.167661 0.196233 0.550094 0.165349 0.927427 0.417442 0.292863 0.152747 0.051878 0.154348 0.264870 0.449324 0.027311 0.178007 0.480728 0.067037 0.247585 0.260384 0.317526 0.386734 0.327283 0.516283 0.149550 0.246954 0.047726 0.164319 0.977875 0.287085 0.285777 0.218852 0.254387 
0.316858 0.583115 0.091887 0.619129 0.175428 0.327275 1.242397 0.630462 0.839156 0.816368 0.567902 0.680778 0.274991 0.464122 0.606274 0.108638 0.432266 0.138078 0.236060 1.040897 1.001406 0.273081 0.354064 0.693206 0.193651 1.389945 1.518369 0.607817 0.000000 0.525887 0.892627 0.467030 0.178569 0.581461 0.090453 0.335153 0.683232 0.836161 0.982986 0.609437 0.974031 0.552530 0.358354 0.129873 0.275552 0.561550 1.709623 0.309291 0.480460 1.374620 0.986865 1.007915 0.154198 0.925435 1.011850 0.519300 0.574310 0.614964 0.374245 1.581567 0.811176 0.707668 1.813154 0.330502 0.383480 0.345982 0.478403 0.588153 0.425948 1.967604 0.900325 0.446312 0.483854 0.958755 0.162353 0.335105 0.885043 0.465141 0.506992 1.362115 
0.128136 0.122109 0.345920 0.163868 0.069630 0.087845 0.327935 0.180560 0.249131 0.254063 0.133061 0.386923 0.055645 0.685015 0.269425 0.116700 0.082387 0.162358 0.223459 0.127857 0.407932 0.101029 0.218521 0.076422 0.094786 0.122384 1.566207 0.143696 0.525887 0.000000 0.440119 0.060926 0.417972 0.180066 0.348137 0.128069 0.401015 0.576270 0.201749 0.354037 0.612278 0.118932 0.373568 0.160949 0.065678 0.129456 0.584873 0.110916 0.204695 0.245055 0.333121 0.565445 0.176650 0.285023 0.754609 0.134632 0.174474 0.186997 0.203141 0.676824 0.103609 0.088999 0.420341 0.275642 0.094593 0.163478 0.039720 0.377777 0.132376 0.267494 0.791023 0.244092 0.204005 0.109241 0.141167 0.731801 0.394287 0.302405 0.264542 0.271541 
0.198240 0.243919 0.249058 0.072626 0.047315 0.096248 0.107445 0.355477 0.037539 0.162447 0.257457 0.511772 0.504407 0.599591 0.134502 0.140283 0.759151 0.151103 0.095376 0.118896 0.062194 0.086668 0.156658 0.880752 0.069792 1.092412 0.055074 0.984299 0.892627 0.440119 0.000000 0.136990 0.300612 0.068792 0.234599 0.271089 0.303353 0.056494 0.348270 0.228731 0.105028 0.204618 0.763958 0.120898 0.108950 0.360866 0.129718 0.086809 0.059457 1.172633 0.194097 0.096264 0.131704 0.125935 0.066903 0.145984 0.274111 0.099293 0.132596 0.702367 0.153427 0.470114 0.583236 0.028075 0.095059 0.091864 0.150397 0.237278 1.059014 0.518140 0.141319 0.133813 0.042693 0.512431 0.306954 0.360288 0.044977 0.115014 0.116914 1.223518 
0.075389 0.060879 0.178468 0.099573 0.029803 0.046646 0.102915 0.047125 0.085164 0.076986 0.134138 0.038265 0.050885 0.149810 0.040172 0.099617 0.048620 0.170232 0.049903 0.052745 0.060903 0.044405 0.047577 0.046733 0.113031 0.057221 0.230018 0.072056 0.467030 0.060926 0.136990 0.000000 0.304684 0.066021 0.283905 0.038589 0.053071 0.106922 0.041185 0.088905 0.181809 0.026848 0.073495 0.056924 0.024531 0.052579 0.055536 0.021531 0.051754 0.144722 0.079765 0.128768 0.094817 0.101439 0.113514 0.058853 0.037912 0.088571 0.072493 0.108336 0.048722 0.032775 0.052970 0.076899 0.027574 0.092871 0.101391 0.111276 0.158635 0.104336 0.148115 0.072988 0.037774 0.044681 0.272772 0.656093 0.110152 0.071650 0.128187 0.194360 
0.320083 0.285437 0.138703 0.118673 0.059699 0.108371 0.333119 0.183036 0.600242 0.676085 0.376997 0.300286 0.219123 0.284658 0.407490 0.044650 0.275417 0.025550 0.155938 0.648630 0.494696 0.153947 0.303398 0.397299 0.156751 0.364112 0.310424 0.750268 0.178569 0.417972 0.300612 0.304684 0.000000 0.616389 0.063922 0.050744 0.305137 1.034315 0.979910 0.131435 0.528109 0.331494 0.504754 0.103348 0.240406 0.245676 0.844583 0.085258 0.193527 0.960694 0.231868 0.261708 0.065255 0.731956 0.163594 0.188601 0.424110 0.248488 0.212614 0.488673 0.280773 0.666333 0.209268 0.347393 0.228526 0.314527 0.319964 0.196473 0.341695 1.160003 0.384109 0.170432 0.102612 0.282627 0.121072 0.031248 0.142039 0.420922 0.360942 0.495802 
0.234924 0.126621 0.342497 0.092515 0.027313 0.084872 0.176183 0.200754 0.042146 0.025883 0.231450 0.100663 0.150080 0.567833 0.202851 0.106360 0.383822 0.222615 0.168969 0.049798 0.142746 0.060174 0.059292 0.266524 0.095828 0.355435 0.096904 0.344344 0.581461 0.180066 0.068792 0.066021 0.616389 0.000000 0.396292 0.136389 0.177930 0.054627 0.158544 0.071808 0.106380 0.084504 0.027152 0.082790 0.031770 0.350841 0.094276 0.048990 0.037082 0.753930 0.246895 0.180107 0.116574 0.095665 0.088158 0.071330 0.100691 0.209016 0.080470 0.562208 0.052667 0.219296 0.432990 0.035701 0.046912 0.087973 0.164298 0.051302 0.198381 0.069538 0.045720 0.118536 0.034734 0.159905 0.433205 0.881865 0.064166 0.046451 0.048487 0.090662 
0.168427 0.446236 0.021240 0.211733 0.068007 0.136624 0.409815 0.250749 0.423846 0.587758 0.371868 0.528145 0.306953 0.244904 0.366437 0.024542 0.287752 0.043720 0.188407 0.475430 0.370982 0.090095 0.228538 0.962422 0.090887 0.650399 0.618066 0.555819 0.090453 0.348137 0.234599 0.283905 0.063922 0.396292 0.000000 0.258064 0.273667 0.608025 0.469528 0.372809 0.792296 0.430882 0.224464 0.036554 0.207055 0.417624 0.462518 0.203236 0.302380 0.958813 0.360740 0.441090 0.058802 0.546989 0.414842 0.331730 0.436335 0.394857 0.246005 0.660237 0.335825 0.458377 0.396234 0.181017 0.142918 0.191553 0.152012 0.185076 0.597739 1.141026 0.520502 0.109123 0.203922 0.564877 0.082117 0.107728 0.446883 0.305773 0.309014 0.754187 
0.071533 0.173949 0.102838 0.170313 0.042214 0.055830 0.252757 0.044155 0.270522 0.104388 0.096592 0.093023 0.054350 0.088493 0.123095 0.069639 0.138674 0.045152 0.057756 0.158211 0.140556 0.066998 0.125955 0.196130 0.105423 0.089833 0.393438 0.106861 0.335153 0.128069 0.271089 0.038589 0.050744 0.136389 0.258064 0.000000 0.100843 0.186865 0.155694 0.124119 0.264732 0.084766 0.215469 0.069797 0.049153 0.101401 0.325113 0.051113 0.096856 0.109517 0.129860 0.239487 0.109553 0.220239 0.305386 0.153260 0.087596 0.161252 0.132973 0.103133 0.128704 0.060325 0.081037 0.099274 0.034969 0.119916 0.079348 0.120714 0.145799 0.334034 0.203713 0.046418 0.104291 0.160954 0.123442 0.049239 0.170215 0.149996 0.141395 0.287790 
0.191673 0.106797 0.184181 0.165869 0.067092 0.080723 0.466241 0.248267 0.292940 0.387246 0.237168 0.244388 0.194407 0.238500 0.179085 0.143733 0.295934 0.150260 0.150671 0.174354 0.269195 0.097791 0.050419 0.106150 0.080194 0.351489 0.402001 0.130435 0.683232 0.401015 0.303353 0.053071 0.305137 0.177930 0.273667 0.100843 0.000000 0.465103 0.263624 0.302513 0.512206 0.133863 0.289401 0.106856 0.081890 0.082117 0.343779 0.104984 0.116847 0.786297 0.084638 0.304648 0.179012 0.575028 0.203780 0.125598 0.111783 0.287731 0.152173 0.476066 0.385565 0.215565 0.399108 0.114980 0.108167 0.103312 0.229537 0.182673 0.281993 0.362836 0.206347 0.162498 0.112655 0.187334 0.750906 0.911126 0.281144 0.100121 0.287313 0.213934 
0.207869 0.129144 0.464985 0.064333 0.046024 0.246674 0.058452 0.257406 0.060726 0.041485 0.152330 0.290151 0.652329 0.798390 0.231240 0.156299 0.777365 0.138275 0.078594 0.020072 0.101588 0.048270 0.147786 1.117151 0.096632 0.665785 0.056153 0.640627 0.836161 0.576270 0.056494 0.106922 1.034315 0.054627 0.608025 0.186865 0.465103 0.000000 0.218388 0.154395 0.037492 0.195096 0.110965 0.098286 0.061326 0.489994 0.095518 0.089094 0.090901 1.301537 0.315130 0.134755 0.093807 0.064593 0.063364 0.105002 0.182157 0.180320 0.063547 0.318924 0.091865 0.264248 0.414082 0.088022 0.065301 0.085393 0.241497 0.234974 0.488423 0.298628 0.129383 0.073534 0.050345 0.264372 0.491734 1.168303 0.101420 0.182644 0.050622 0.427829 
0.223670 0.197125 0.436421 0.229328 0.071800 0.057279 0.162625 0.388968 0.089703 0.156461 0.333373 0.032067 0.348751 0.353942 0.087767 0.121631 0.041464 0.467083 0.087888 0.110668 0.164384 0.077581 0.194110 0.044184 0.335297 0.175490 0.253925 0.139795 0.982986 0.201749 0.348270 0.041185 0.979910 0.158544 0.469528 0.155694 0.263624 0.218388 0.000000 0.152230 0.274548 0.025986 0.267746 0.103753 0.056801 0.085107 0.100862 0.026488 0.202007 1.062340 0.174624 0.277720 0.145446 0.394895 0.243835 0.344569 0.072956 0.179485 0.132048 0.241951 0.169463 0.069131 0.187622 0.182114 0.046501 0.453370 0.506246 0.115222 0.241321 0.160742 0.140942 0.154245 0.058719 0.075304 0.608618 1.446851 0.258246 0.282734 0.284336 0.091013 
0.121172 0.134231 0.119898 0.140044 0.042455 0.056120 0.361267 0.234228 0.379222 0.022933 0.180171 0.093271 0.216471 0.143287 0.093800 0.164701 0.413686 0.212119 0.142870 0.162614 0.259612 0.102335 0.191366 0.186933 0.102166 0.578384 0.330397 0.421170 0.609437 0.354037 0.228731 0.088905 0.131435 0.071808 0.372809 0.124119 0.302513 0.154395 0.152230 0.000000 0.159033 0.080117 0.270607 0.078253 0.060377 0.219202 0.302070 0.081846 0.044889 0.782127 0.524139 0.823215 0.107729 0.075495 0.227774 0.152025 0.123397 0.195259 0.159283 0.663050 0.019860 0.334917 0.159425 0.070498 0.035081 0.357244 0.495885 0.014990 0.155435 0.253293 0.059278 0.205082 0.049347 0.237351 0.277390 0.587535 0.098959 0.168501 0.045557 0.389296 
0.233844 0.392406 0.482374 0.084609 0.058861 0.222230 0.040551 0.307547 0.115343 0.101018 0.155124 0.069678 0.767797 0.463637 0.123735 0.238105 0.602964 0.196207 0.151808 0.121085 0.075717 0.109882 0.167968 0.376967 0.206612 0.520826 0.106647 0.820625 0.974031 0.612278 0.105028 0.181809 0.528109 0.106380 0.792296 0.264732 0.512206 0.037492 0.274548 0.159033 0.000000 0.123864 0.206848 0.094654 0.069353 0.598228 0.066980 0.038075 0.116770 1.144692 0.325177 0.260965 0.057819 0.085445 0.100340 0.148866 0.282972 0.254997 0.133123 1.051195 0.080731 0.291678 0.717894 0.067550 0.054510 0.288666 0.271471 0.412965 0.686342 0.109331 0.153553 0.092530 0.060573 0.337236 0.438869 1.063582 0.126265 0.185375 0.068240 0.087143 
0.116988 0.089807 0.211014 0.100898 0.034572 0.061511 0.184909 0.169364 0.044121 0.096876 0.201884 0.023273 0.089316 0.231403 0.085786 0.086942 0.057524 0.236844 0.125575 0.121804 0.051214 0.080965 0.062101 0.030978 0.171887 0.211630 0.184810 0.145306 0.552530 0.118932 0.204618 0.026848 0.331494 0.084504 0.430882 0.084766 0.133863 0.195096 0.025986 0.080117 0.123864 0.000000 0.074664 0.074275 0.033804 0.185428 0.042657 0.016108 0.065607 0.590748 0.197877 0.123950 0.111051 0.234525 0.067090 0.112878 0.064610 0.109015 0.136427 0.343214 0.073044 0.072604 0.274355 0.078909 0.033441 0.145639 0.292983 0.072986 0.163285 0.108870 0.109216 0.109473 0.049370 0.044536 0.436442 0.549007 0.101977 0.051226 0.103768 0.076113 
0.562751 0.076461 0.258511 0.165052 0.018875 0.165415 0.893791 0.829285 0.075029 0.146998 0.264509 0.132969 0.412046 0.232826 0.889881 0.095206 0.444490 0.181447 0.473253 0.172249 0.324528 0.157205 0.229572 0.261011 0.091058 0.265037 0.700314 0.465029 0.358354 0.373568 0.763958 0.073495 0.504754 0.027152 0.224464 0.215469 0.289401 0.110965 0.267746 0.270607 0.206848 0.074664 0.000000 0.075661 0.040394 0.529814 0.176266 0.090904 0.076071 1.535643 0.493873 0.202422 0.054094 0.631198 0.148717 0.139049 0.203177 0.257409 0.119924 0.985449 0.129605 0.666932 1.825384 0.262399 0.102224 0.541407 0.282816 0.041893 0.044898 0.129180 0.075856 0.476350 0.176736 0.065897 0.720477 0.940652 0.065731 0.031240 0.033997 0.055531 
0.064399 0.093558 0.028015 0.087173 0.023480 0.046675 0.121117 0.087678 0.116175 0.086181 0.102506 0.095329 0.092351 0.054790 0.088429 0.031212 0.097372 0.036516 0.058806 0.097582 0.097730 0.037816 0.086509 0.139522 0.056260 0.214119 0.191603 0.111512 0.129873 0.160949 0.120898 0.056924 0.103348 0.082790 0.036554 0.069797 0.106856 0.098286 0.103753 0.078253 0.094654 0.074275 0.075661 0.000000 0.052887 0.077867 0.103343 0.039005 0.064131 0.314628 0.141608 0.108207 0.054063 0.134391 0.103692 0.082278 0.090487 0.114625 0.091013 0.262516 0.080371 0.113497 0.143482 0.088302 0.049876 0.078310 0.083772 0.087708 0.127713 0.299182 0.132977 0.045563 0.058801 0.136927 0.085178 0.171930 0.089883 0.070461 0.076002 0.124815 
0.057705 0.049412 0.094851 0.053358 0.024241 0.031749 0.076727 0.052767 0.056125 0.025509 0.053013 0.049436 0.043856 0.087275 0.053919 0.086171 0.038143 0.113527 0.037022 0.052084 0.058944 0.027451 0.049133 0.057219 0.066764 0.076787 0.086062 0.046636 0.275552 0.065678 0.108950 0.024531 0.240406 0.031770 0.207055 0.049153 0.081890 0.061326 0.056801 0.060377 0.069353 0.033804 0.040394 0.052887 0.000000 0.053633 0.056482 0.032984 0.041378 0.125314 0.084277 0.072026 0.070151 0.066138 0.096429 0.075550 0.052831 0.071914 0.090418 0.069840 0.046602 0.045760 0.052936 0.045329 0.022813 0.067450 0.065542 0.048068 0.125689 0.081643 0.076454 0.049009 0.051327 0.048982 0.075306 0.395385 0.058176 0.037173 0.046899 0.095715 
0.069409 0.073366 0.136557 0.270685 0.054591 0.041281 0.317981 0.152379 0.405282 0.178372 0.054325 0.268339 0.176159 0.076860 0.102455 0.126971 0.075286 0.103161 0.069465 0.153646 0.401564 0.065031 0.128694 0.059914 0.056652 0.173478 0.558174 0.055229 0.561550 0.129456 0.360866 0.052579 0.245676 0.350841 0.417624 0.101401 0.082117 0.489994 0.085107 0.219202 0.598228 0.185428 0.529814 0.077867 0.053633 0.000000 0.409675 0.090798 0.149088 0.310689 0.107476 0.677812 0.122297 0.430505 0.385976 0.270747 0.096101 0.127864 0.216525 0.448238 0.217050 0.075414 0.178318 0.133864 0.047661 0.159546 0.222091 0.175149 0.270212 0.680526 0.181289 0.105149 0.157207 0.169537 0.287659 0.195663 0.266424 0.257919 0.224241 0.214287 
0.232475 0.140659 0.538253 0.069254 0.033366 0.342624 0.295832 0.473805 0.029412 0.267598 0.214923 0.066816 0.404957 0.717534 0.334503 0.146362 0.346592 0.468652 0.332868 0.187735 0.200883 0.111553 0.055990 0.210036 0.179584 0.288201 0.193057 0.319297 1.709623 0.584873 0.129718 0.055536 0.844583 0.094276 0.462518 0.325113 0.343779 0.095518 0.100862 0.302070 0.066980 0.042657 0.176266 0.103343 0.056482 0.409675 0.000000 0.020722 0.086775 0.783894 0.208855 0.028446 0.206667 0.321997 0.021153 0.188524 0.174128 0.059353 0.054479 0.493991 0.351555 0.335110 0.704687 0.121891 0.075908 0.254967 0.345825 0.301045 0.253702 0.036411 0.161146 0.278609 0.032356 0.044638 0.431956 0.849109 0.108430 0.050048 0.182111 0.166194 
0.063224 0.081612 0.095101 0.089728 0.022073 0.048391 0.089896 0.065719 0.040574 0.106417 0.126267 0.016161 0.073862 0.115261 0.083544 0.056263 0.054138 0.051273 0.086492 0.084825 0.026958 0.037759 0.059276 0.023903 0.113975 0.069534 0.082077 0.093109 0.309291 0.110916 0.086809 0.021531 0.085258 0.048990 0.203236 0.051113 0.104984 0.089094 0.026488 0.081846 0.038075 0.016108 0.090904 0.039005 0.032984 0.090798 0.020722 0.000000 0.055439 0.248931 0.101357 0.074133 0.065938 0.101948 0.063719 0.045097 0.039151 0.072399 0.075039 0.261401 0.032838 0.048712 0.111377 0.075194 0.029513 0.109229 0.138941 0.084802 0.050107 0.036465 0.112895 0.063822 0.032108 0.027404 0.242932 0.312519 0.054545 0.066281 0.113208 0.044117 
0.098149 0.060464 0.214866 0.056783 0.028919 0.055169 0.178218 0.132942 0.058494 0.059710 0.140635 0.132747 0.109446 0.337666 0.129561 0.097079 0.324851 0.135980 0.116750 0.077259 0.126728 0.083468 0.047846 0.131100 0.081093 0.174839 0.181391 0.237337 0.480460 0.204695 0.059457 0.051754 0.193527 0.037082 0.302380 0.096856 0.116847 0.090901 0.202007 0.044889 0.116770 0.065607 0.076071 0.064131 0.041378 0.149088 0.086775 0.055439 0.000000 0.564423 0.189413 0.121888 0.113351 0.101134 0.072130 0.031766 0.075089 0.068607 0.112112 0.237482 0.043207 0.210979 0.297929 0.027366 0.049236 0.111434 0.100996 0.030612 0.215933 0.224772 0.066383 0.112482 0.027577 0.107096 0.283518 0.342508 0.062624 0.024666 0.036216 0.384582 
0.083728 0.612198 0.193759 0.238828 0.211158 0.291317 0.958612 0.050286 1.155099 0.554919 0.114777 0.556032 0.137343 0.204915 0.328871 0.316480 0.846796 0.530952 0.196086 0.257272 0.713554 0.084552 0.386862 0.666456 0.272599 0.168206 1.413431 0.167661 1.374620 0.245055 1.172633 0.144722 0.960694 0.753930 0.958813 0.109517 0.786297 1.301537 1.062340 0.782127 1.144692 0.590748 1.535643 0.314628 0.125314 0.310689 0.783894 0.248931 0.564423 0.000000 0.304289 1.390423 0.142042 0.726007 0.873566 0.375303 0.215080 0.150454 0.295097 0.095823 0.720417 0.117835 0.151915 1.295123 0.130102 0.253714 0.101334 0.906599 0.708062 0.335180 1.243292 0.151782 0.736128 0.395090 0.098597 1.542364 1.226725 1.020075 0.690249 1.016029 
0.125191 0.209004 0.229920 0.091102 0.074962 0.073665 0.153785 0.133709 0.156349 0.322350 0.184494 0.345599 0.230931 0.222613 0.068298 0.198279 0.208949 0.144933 0.044239 0.104028 0.149587 0.037016 0.107091 0.180824 0.194892 0.220647 0.311600 0.196233 0.986865 0.333121 0.194097 0.079765 0.231868 0.246895 0.360740 0.129860 0.084638 0.315130 0.174624 0.524139 0.325177 0.197877 0.493873 0.141608 0.084277 0.107476 0.208855 0.101357 0.189413 0.304289 0.000000 0.232890 0.256003 0.332505 0.278434 0.174744 0.123597 0.141775 0.185764 0.358251 0.269759 0.094963 0.104923 0.181717 0.060704 0.070890 0.175020 0.577608 0.461222 0.838120 0.268177 0.035244 0.116985 0.201624 0.390900 0.649866 0.316840 0.229313 0.359132 0.561162 
0.428624 0.114840 0.429610 0.070984 0.032678 0.446694 0.339939 0.276613 0.047213 0.297187 0.180354 0.509396 0.416732 0.913650 0.459294 0.144039 0.846036 0.264648 0.457051 0.156974 0.045736 0.130709 0.141635 0.466532 0.086929 0.541225 0.204195 0.550094 1.007915 0.565445 0.096264 0.128768 0.261708 0.180107 0.441090 0.239487 0.304648 0.134755 0.277720 0.823215 0.260965 0.123950 0.202422 0.108207 0.072026 0.677812 0.028446 0.074133 0.121888 1.390423 0.232890 0.000000 0.126247 0.274812 0.035476 0.223549 0.215517 0.186354 0.116441 0.755240 0.512088 0.606644 2.000000 0.108706 0.157162 0.183024 0.222077 0.387729 0.639084 0.578458 0.479309 0.402433 0.067035 0.156808 0.588632 1.154884 0.113121 0.094696 0.106370 0.365017 
0.163738 0.068057 0.136364 0.142605 0.046264 0.058530 0.158958 0.179590 0.125343 0.114843 0.183121 0.147878 0.118038 0.194068 0.150716 0.060435 0.168119 0.052584 0.057775 0.092630 0.270298 0.079015 0.079952 0.099166 0.025624 0.146636 0.064655 0.165349 0.154198 0.176650 0.131704 0.094817 0.065255 0.116574 0.058802 0.109553 0.179012 0.093807 0.145446 0.107729 0.057819 0.111051 0.054094 0.054063 0.070151 0.122297 0.206667 0.065938 0.113351 0.142042 0.256003 0.126247 0.000000 0.075658 0.114550 0.105610 0.114313 0.209647 0.100239 0.419489 0.058277 0.129941 0.212921 0.077689 0.073116 0.110006 0.152042 0.110065 0.139250 0.209198 0.192800 0.214344 0.068693 0.139798 0.217093 0.211974 0.114293 0.121430 0.057901 0.161727 
0.182934 0.443682 0.281277 0.093733 0.063444 0.143659 0.041994 0.213681 0.187684 0.049093 0.258261 0.517381 0.228494 0.457303 0.148557 0.235953 1.031979 0.129404 0.121702 0.116012 0.129935 0.068076 0.343609 1.043523 0.175589 1.084740 0.125389 0.927427 0.925435 0.285023 0.125935 0.101439 0.731956 0.095665 0.546989 0.220239 0.575028 0.064593 0.394895 0.075495 0.085445 0.234525 0.631198 0.134391 0.066138 0.430505 0.321997 0.101948 0.101134 0.726007 0.332505 0.274812 0.075658 0.000000 0.265022 0.198044 0.212415 0.514674 0.127333 0.703900 0.051067 0.436757 0.471916 0.062182 0.058927 0.135700 0.159542 0.290932 0.904418 0.410597 0.138434 0.084306 0.063202 0.930243 0.425265 0.989481 0.108439 0.194578 0.101631 1.283936 
0.182192 0.088544 0.423569 0.052225 0.033497 0.181812 0.299372 0.647313 0.026069 0.170067 0.170713 0.396029 0.231182 0.719451 0.259352 0.136018 0.864824 0.201864 0.209301 0.147296 0.253134 0.114175 0.043634 0.426564 0.073754 0.469776 0.111821 0.417442 1.011850 0.754609 0.066903 0.113514 0.163594 0.088158 0.414842 0.305386 0.203780 0.063364 0.243835 0.227774 0.100340 0.067090 0.148717 0.103692 0.096429 0.385976 0.021153 0.063719 0.072130 0.873566 0.278434 0.035476 0.114550 0.265022 0.000000 0.116618 0.160981 0.099505 0.073150 1.132420 0.214266 0.430412 0.527032 0.095934 0.086448 0.156131 0.263767 0.163431 0.361679 0.373513 0.134878 0.339177 0.044736 0.209813 0.836963 0.792647 0.053235 0.069364 0.083570 0.551589 
